#   rho[fm-3]     e[MeV.fm-3]   p[MeV.fm-3]
   0.400000E-01  0.377518E+02  0.145486E+00
   0.459839E-01  0.434238E+02  0.182315E+00
   0.519679E-01  0.491007E+02  0.221615E+00
   0.579518E-01  0.547823E+02  0.263523E+00
   0.639357E-01  0.604684E+02  0.308375E+00
   0.699197E-01  0.661589E+02  0.356675E+00
   0.759036E-01  0.718536E+02  0.409064E+00
   0.818876E-01  0.775527E+02  0.466307E+00
   0.878715E-01  0.832561E+02  0.529269E+00
   0.938554E-01  0.889641E+02  0.598903E+00
   0.998394E-01  0.946767E+02  0.676240E+00
   0.105823E+00  0.100394E+03  0.762371E+00
   0.111807E+00  0.106117E+03  0.858447E+00
   0.117791E+00  0.111845E+03  0.965664E+00
   0.123775E+00  0.117579E+03  0.108526E+01
   0.129759E+00  0.123319E+03  0.121757E+01
   0.135743E+00  0.129065E+03  0.136305E+01
   0.141727E+00  0.134818E+03  0.152404E+01
   0.147711E+00  0.140578E+03  0.170218E+01
   0.153695E+00  0.146346E+03  0.189896E+01
   0.159679E+00  0.152122E+03  0.211578E+01
   0.165663E+00  0.157907E+03  0.235405E+01
   0.171647E+00  0.163700E+03  0.261512E+01
   0.177631E+00  0.169503E+03  0.290032E+01
   0.183614E+00  0.175316E+03  0.321099E+01
   0.189598E+00  0.181139E+03  0.354839E+01
   0.195582E+00  0.186974E+03  0.391379E+01
   0.201566E+00  0.192820E+03  0.430844E+01
   0.207550E+00  0.198678E+03  0.473354E+01
   0.213534E+00  0.204550E+03  0.519025E+01
   0.219518E+00  0.210434E+03  0.567974E+01
   0.225502E+00  0.216332E+03  0.620309E+01
   0.231486E+00  0.222244E+03  0.676140E+01
   0.237470E+00  0.228172E+03  0.735569E+01
   0.243454E+00  0.234115E+03  0.798696E+01
   0.249438E+00  0.240073E+03  0.865618E+01
   0.255422E+00  0.246049E+03  0.936425E+01
   0.261406E+00  0.252041E+03  0.101121E+02
   0.267390E+00  0.258051E+03  0.109004E+02
   0.273373E+00  0.264079E+03  0.117302E+02
   0.279357E+00  0.270126E+03  0.126021E+02
   0.285341E+00  0.276191E+03  0.135168E+02
   0.291325E+00  0.282277E+03  0.144750E+02
   0.297309E+00  0.288382E+03  0.154774E+02
   0.303293E+00  0.294509E+03  0.165245E+02
   0.309277E+00  0.300656E+03  0.176169E+02
   0.315261E+00  0.306825E+03  0.187551E+02
   0.321245E+00  0.313016E+03  0.199395E+02
   0.327229E+00  0.319229E+03  0.211707E+02
   0.333213E+00  0.325465E+03  0.224490E+02
   0.339197E+00  0.331725E+03  0.237747E+02
   0.345181E+00  0.338008E+03  0.251483E+02
   0.351165E+00  0.344316E+03  0.265699E+02
   0.357149E+00  0.350649E+03  0.280399E+02
   0.363133E+00  0.357006E+03  0.295585E+02
   0.369116E+00  0.363389E+03  0.311260E+02
   0.375100E+00  0.369797E+03  0.327424E+02
   0.381084E+00  0.376232E+03  0.344080E+02
   0.387068E+00  0.382694E+03  0.361228E+02
   0.393052E+00  0.389182E+03  0.378870E+02
   0.399036E+00  0.395697E+03  0.397006E+02
   0.405020E+00  0.402240E+03  0.415638E+02
   0.411004E+00  0.408811E+03  0.434765E+02
   0.416988E+00  0.415411E+03  0.454387E+02
   0.422972E+00  0.422038E+03  0.474505E+02
   0.428956E+00  0.428695E+03  0.495118E+02
   0.434940E+00  0.435380E+03  0.516227E+02
   0.440924E+00  0.442095E+03  0.537829E+02
   0.446908E+00  0.448840E+03  0.559926E+02
   0.452892E+00  0.455614E+03  0.582515E+02
   0.458876E+00  0.462419E+03  0.605597E+02
   0.464859E+00  0.469254E+03  0.629170E+02
   0.470843E+00  0.476120E+03  0.653233E+02
   0.476827E+00  0.483017E+03  0.677785E+02
   0.482811E+00  0.489944E+03  0.702825E+02
   0.488795E+00  0.496904E+03  0.728351E+02
   0.494779E+00  0.503894E+03  0.754361E+02
   0.500763E+00  0.510917E+03  0.780855E+02
   0.506747E+00  0.517971E+03  0.807831E+02
   0.512731E+00  0.525058E+03  0.835287E+02
   0.518715E+00  0.532176E+03  0.863222E+02
   0.524699E+00  0.539328E+03  0.891633E+02
   0.530683E+00  0.546512E+03  0.920520E+02
   0.536667E+00  0.553729E+03  0.949880E+02
   0.542651E+00  0.560978E+03  0.979712E+02
   0.548635E+00  0.568261E+03  0.101001E+03
   0.554618E+00  0.575578E+03  0.104078E+03
   0.560602E+00  0.582927E+03  0.107202E+03
   0.566586E+00  0.590311E+03  0.110372E+03
   0.572570E+00  0.597728E+03  0.113588E+03
   0.578554E+00  0.605179E+03  0.116851E+03
   0.584538E+00  0.612664E+03  0.120159E+03
   0.590522E+00  0.620183E+03  0.123513E+03
   0.596506E+00  0.627736E+03  0.126913E+03
   0.602490E+00  0.635323E+03  0.130358E+03
   0.608474E+00  0.642945E+03  0.133848E+03
   0.614458E+00  0.650602E+03  0.137383E+03
   0.620442E+00  0.658293E+03  0.140963E+03
   0.626426E+00  0.666019E+03  0.144587E+03
   0.632410E+00  0.673780E+03  0.148256E+03
   0.638394E+00  0.681576E+03  0.151969E+03
   0.644378E+00  0.689406E+03  0.155727E+03
   0.650361E+00  0.697272E+03  0.159528E+03
   0.656345E+00  0.705173E+03  0.163373E+03
   0.662329E+00  0.713109E+03  0.167262E+03
   0.668313E+00  0.721081E+03  0.171194E+03
   0.674297E+00  0.729088E+03  0.175169E+03
   0.680281E+00  0.737130E+03  0.179188E+03
   0.686265E+00  0.745208E+03  0.183249E+03
   0.692249E+00  0.753322E+03  0.187354E+03
   0.698233E+00  0.761471E+03  0.191501E+03
   0.704217E+00  0.769656E+03  0.195690E+03
   0.710201E+00  0.777877E+03  0.199922E+03
   0.716185E+00  0.786133E+03  0.204196E+03
   0.722169E+00  0.794426E+03  0.208512E+03
   0.728153E+00  0.802754E+03  0.212870E+03
   0.734137E+00  0.811118E+03  0.217269E+03
   0.740120E+00  0.819519E+03  0.221710E+03
   0.746104E+00  0.827955E+03  0.226193E+03
   0.752088E+00  0.836428E+03  0.230717E+03
   0.758072E+00  0.844936E+03  0.235283E+03
   0.764056E+00  0.853481E+03  0.239889E+03
   0.770040E+00  0.862063E+03  0.244537E+03
   0.776024E+00  0.870680E+03  0.249225E+03
   0.782008E+00  0.879334E+03  0.253954E+03
   0.787992E+00  0.888024E+03  0.258723E+03
   0.793976E+00  0.896750E+03  0.263533E+03
   0.799960E+00  0.905513E+03  0.268384E+03
   0.805944E+00  0.914313E+03  0.273274E+03
   0.811928E+00  0.923148E+03  0.278205E+03
   0.817912E+00  0.932021E+03  0.283176E+03
   0.823896E+00  0.940929E+03  0.288186E+03
   0.829880E+00  0.949875E+03  0.293237E+03
   0.835863E+00  0.958857E+03  0.298327E+03
   0.841847E+00  0.967875E+03  0.303457E+03
   0.847831E+00  0.976930E+03  0.308626E+03
   0.853815E+00  0.986022E+03  0.313835E+03
   0.859799E+00  0.995150E+03  0.319082E+03
   0.865783E+00  0.100432E+04  0.324369E+03
   0.871767E+00  0.101352E+04  0.329696E+03
   0.877751E+00  0.102276E+04  0.335061E+03
   0.883735E+00  0.103203E+04  0.340465E+03
   0.889719E+00  0.104134E+04  0.345908E+03
   0.895703E+00  0.105069E+04  0.351389E+03
   0.901687E+00  0.106008E+04  0.356910E+03
   0.907671E+00  0.106950E+04  0.362468E+03
   0.913655E+00  0.107896E+04  0.368066E+03
   0.919639E+00  0.108845E+04  0.373701E+03
   0.925622E+00  0.109798E+04  0.379375E+03
   0.931606E+00  0.110755E+04  0.385088E+03
   0.937590E+00  0.111716E+04  0.390838E+03
   0.943574E+00  0.112680E+04  0.396626E+03
   0.949558E+00  0.113648E+04  0.402453E+03
   0.955542E+00  0.114620E+04  0.408317E+03
   0.961526E+00  0.115595E+04  0.414219E+03
   0.967510E+00  0.116574E+04  0.420159E+03
   0.973494E+00  0.117557E+04  0.426137E+03
   0.979478E+00  0.118543E+04  0.432152E+03
   0.985462E+00  0.119533E+04  0.438205E+03
   0.991446E+00  0.120527E+04  0.444295E+03
   0.997430E+00  0.121525E+04  0.450423E+03
   0.100341E+01  0.122526E+04  0.456588E+03
   0.100940E+01  0.123531E+04  0.462790E+03
   0.101538E+01  0.124539E+04  0.469030E+03
   0.102137E+01  0.125551E+04  0.475307E+03
   0.102735E+01  0.126567E+04  0.481621E+03
   0.103333E+01  0.127587E+04  0.487972E+03
   0.103932E+01  0.128610E+04  0.494360E+03
   0.104530E+01  0.129637E+04  0.500784E+03
   0.105129E+01  0.130668E+04  0.507246E+03
   0.105727E+01  0.131702E+04  0.513745E+03
   0.106325E+01  0.132740E+04  0.520280E+03
   0.106924E+01  0.133782E+04  0.526852E+03
   0.107522E+01  0.134827E+04  0.533460E+03
   0.108120E+01  0.135876E+04  0.540105E+03
   0.108719E+01  0.136929E+04  0.546787E+03
   0.109317E+01  0.137985E+04  0.553505E+03
   0.109916E+01  0.139046E+04  0.560260E+03
   0.110514E+01  0.140109E+04  0.567051E+03
   0.111112E+01  0.141177E+04  0.573878E+03
   0.111711E+01  0.142248E+04  0.580741E+03
   0.112309E+01  0.143323E+04  0.587641E+03
   0.112908E+01  0.144402E+04  0.594577E+03
   0.113506E+01  0.145484E+04  0.601549E+03
   0.114104E+01  0.146570E+04  0.608557E+03
   0.114703E+01  0.147659E+04  0.615601E+03
   0.115301E+01  0.148753E+04  0.622681E+03
   0.115900E+01  0.149850E+04  0.629797E+03
   0.116498E+01  0.150950E+04  0.636949E+03
   0.117096E+01  0.152055E+04  0.644137E+03
   0.117695E+01  0.153163E+04  0.651360E+03
   0.118293E+01  0.154275E+04  0.658620E+03
   0.118892E+01  0.155390E+04  0.665915E+03
   0.119490E+01  0.156509E+04  0.673245E+03
   0.120088E+01  0.157632E+04  0.680612E+03
   0.120687E+01  0.158758E+04  0.688013E+03
   0.121285E+01  0.159888E+04  0.695451E+03
   0.121884E+01  0.161022E+04  0.702924E+03
   0.122482E+01  0.162160E+04  0.710432E+03
   0.123080E+01  0.163301E+04  0.717976E+03
   0.123679E+01  0.164446E+04  0.725555E+03
   0.124277E+01  0.165594E+04  0.733170E+03
   0.124876E+01  0.166747E+04  0.740820E+03
   0.125474E+01  0.167902E+04  0.748505E+03
   0.126072E+01  0.169062E+04  0.756225E+03
   0.126671E+01  0.170225E+04  0.763980E+03
   0.127269E+01  0.171392E+04  0.771771E+03
   0.127867E+01  0.172563E+04  0.779597E+03
   0.128466E+01  0.173737E+04  0.787458E+03
   0.129064E+01  0.174915E+04  0.795354E+03
   0.129663E+01  0.176096E+04  0.803285E+03
   0.130261E+01  0.177282E+04  0.811251E+03
   0.130859E+01  0.178470E+04  0.819251E+03
   0.131458E+01  0.179663E+04  0.827287E+03
   0.132056E+01  0.180859E+04  0.835358E+03
   0.132655E+01  0.182059E+04  0.843463E+03
   0.133253E+01  0.183263E+04  0.851604E+03
   0.133851E+01  0.184470E+04  0.859779E+03
   0.134450E+01  0.185681E+04  0.867989E+03
   0.135048E+01  0.186895E+04  0.876233E+03
   0.135647E+01  0.188114E+04  0.884512E+03
   0.136245E+01  0.189335E+04  0.892826E+03
   0.136843E+01  0.190561E+04  0.901175E+03
   0.137442E+01  0.191790E+04  0.909558E+03
   0.138040E+01  0.193023E+04  0.917975E+03
   0.138639E+01  0.194260E+04  0.926427E+03
   0.139237E+01  0.195500E+04  0.934914E+03
   0.139835E+01  0.196743E+04  0.943435E+03
   0.140434E+01  0.197991E+04  0.951991E+03
   0.141032E+01  0.199242E+04  0.960580E+03
   0.141631E+01  0.200497E+04  0.969205E+03
   0.142229E+01  0.201755E+04  0.977863E+03
   0.142827E+01  0.203017E+04  0.986556E+03
   0.143426E+01  0.204283E+04  0.995284E+03
   0.144024E+01  0.205552E+04  0.100405E+04
   0.144622E+01  0.206825E+04  0.101284E+04
   0.145221E+01  0.208102E+04  0.102167E+04
   0.145819E+01  0.209382E+04  0.103053E+04
   0.146418E+01  0.210666E+04  0.103943E+04
   0.147016E+01  0.211954E+04  0.104837E+04
   0.147614E+01  0.213245E+04  0.105733E+04
   0.148213E+01  0.214540E+04  0.106633E+04
   0.148811E+01  0.215839E+04  0.107537E+04
   0.149410E+01  0.217141E+04  0.108444E+04
   0.150008E+01  0.218447E+04  0.109354E+04
   0.150606E+01  0.219756E+04  0.110268E+04
   0.151205E+01  0.221069E+04  0.111185E+04
   0.151803E+01  0.222386E+04  0.112105E+04
   0.152402E+01  0.223706E+04  0.113029E+04
