#   rho[fm-3]     e[MeV.fm-3]   p[MeV.fm-3]
   0.400000E-01  0.377582E+02  0.141096E+00
   0.459839E-01  0.434304E+02  0.177262E+00
   0.519679E-01  0.491075E+02  0.216485E+00
   0.579518E-01  0.547894E+02  0.259120E+00
   0.639357E-01  0.604758E+02  0.305736E+00
   0.699197E-01  0.661668E+02  0.357084E+00
   0.759036E-01  0.718625E+02  0.414073E+00
   0.818876E-01  0.775629E+02  0.477752E+00
   0.878715E-01  0.832682E+02  0.549287E+00
   0.938554E-01  0.889787E+02  0.629951E+00
   0.998394E-01  0.946946E+02  0.721108E+00
   0.105823E+00  0.100416E+03  0.824205E+00
   0.111807E+00  0.106144E+03  0.940754E+00
   0.117791E+00  0.111879E+03  0.107233E+01
   0.123775E+00  0.117621E+03  0.121940E+01
   0.129759E+00  0.123370E+03  0.138199E+01
   0.135743E+00  0.129127E+03  0.156334E+01
   0.141727E+00  0.134892E+03  0.176560E+01
   0.147711E+00  0.140667E+03  0.199074E+01
   0.153695E+00  0.146451E+03  0.224064E+01
   0.159679E+00  0.152245E+03  0.251712E+01
   0.165663E+00  0.158051E+03  0.282200E+01
   0.171647E+00  0.163867E+03  0.315703E+01
   0.177631E+00  0.169696E+03  0.352395E+01
   0.183614E+00  0.175538E+03  0.392449E+01
   0.189598E+00  0.181394E+03  0.436030E+01
   0.195582E+00  0.187264E+03  0.483302E+01
   0.201566E+00  0.193149E+03  0.534424E+01
   0.207550E+00  0.199050E+03  0.589549E+01
   0.213534E+00  0.204967E+03  0.648827E+01
   0.219518E+00  0.210901E+03  0.712402E+01
   0.225502E+00  0.216853E+03  0.780411E+01
   0.231486E+00  0.222824E+03  0.852986E+01
   0.237470E+00  0.228815E+03  0.930252E+01
   0.243454E+00  0.234825E+03  0.101233E+02
   0.249438E+00  0.240856E+03  0.109933E+02
   0.255422E+00  0.246909E+03  0.119136E+02
   0.261406E+00  0.252984E+03  0.128851E+02
   0.267390E+00  0.259081E+03  0.139088E+02
   0.273373E+00  0.265203E+03  0.149856E+02
   0.279357E+00  0.271348E+03  0.161162E+02
   0.285341E+00  0.277518E+03  0.173013E+02
   0.291325E+00  0.283713E+03  0.185417E+02
   0.297309E+00  0.289935E+03  0.198377E+02
   0.303293E+00  0.296183E+03  0.211901E+02
   0.309277E+00  0.302459E+03  0.225992E+02
   0.315261E+00  0.308762E+03  0.240654E+02
   0.321245E+00  0.315094E+03  0.255891E+02
   0.327229E+00  0.321454E+03  0.271706E+02
   0.333213E+00  0.327844E+03  0.288100E+02
   0.339197E+00  0.334264E+03  0.305076E+02
   0.345181E+00  0.340714E+03  0.322635E+02
   0.351165E+00  0.347196E+03  0.340778E+02
   0.357149E+00  0.353709E+03  0.359505E+02
   0.363133E+00  0.360253E+03  0.378816E+02
   0.369116E+00  0.366830E+03  0.398711E+02
   0.375100E+00  0.373440E+03  0.419189E+02
   0.381084E+00  0.380083E+03  0.440249E+02
   0.387068E+00  0.386759E+03  0.461890E+02
   0.393052E+00  0.393469E+03  0.484111E+02
   0.399036E+00  0.400214E+03  0.506908E+02
   0.405020E+00  0.406993E+03  0.530282E+02
   0.411004E+00  0.413807E+03  0.554228E+02
   0.416988E+00  0.420656E+03  0.578744E+02
   0.422972E+00  0.427541E+03  0.603829E+02
   0.428956E+00  0.434462E+03  0.629479E+02
   0.434940E+00  0.441419E+03  0.655691E+02
   0.440924E+00  0.448413E+03  0.682462E+02
   0.446908E+00  0.455443E+03  0.709789E+02
   0.452892E+00  0.462510E+03  0.737670E+02
   0.458876E+00  0.469614E+03  0.766099E+02
   0.464859E+00  0.476756E+03  0.795075E+02
   0.470843E+00  0.483935E+03  0.824593E+02
   0.476827E+00  0.491153E+03  0.854651E+02
   0.482811E+00  0.498408E+03  0.885245E+02
   0.488795E+00  0.505701E+03  0.916370E+02
   0.494779E+00  0.513033E+03  0.948025E+02
   0.500763E+00  0.520404E+03  0.980204E+02
   0.506747E+00  0.527813E+03  0.101291E+03
   0.512731E+00  0.535262E+03  0.104613E+03
   0.518715E+00  0.542749E+03  0.107986E+03
   0.524699E+00  0.550276E+03  0.111410E+03
   0.530683E+00  0.557841E+03  0.114886E+03
   0.536667E+00  0.565447E+03  0.118411E+03
   0.542651E+00  0.573092E+03  0.121987E+03
   0.548635E+00  0.580776E+03  0.125613E+03
   0.554618E+00  0.588501E+03  0.129288E+03
   0.560602E+00  0.596265E+03  0.133012E+03
   0.566586E+00  0.604070E+03  0.136785E+03
   0.572570E+00  0.611914E+03  0.140606E+03
   0.578554E+00  0.619799E+03  0.144475E+03
   0.584538E+00  0.627724E+03  0.148392E+03
   0.590522E+00  0.635689E+03  0.152357E+03
   0.596506E+00  0.643695E+03  0.156369E+03
   0.602490E+00  0.651741E+03  0.160427E+03
   0.608474E+00  0.659828E+03  0.164533E+03
   0.614458E+00  0.667955E+03  0.168684E+03
   0.620442E+00  0.676123E+03  0.172882E+03
   0.626426E+00  0.684332E+03  0.177125E+03
   0.632410E+00  0.692581E+03  0.181414E+03
   0.638394E+00  0.700872E+03  0.185749E+03
   0.644378E+00  0.709203E+03  0.190128E+03
   0.650361E+00  0.717575E+03  0.194551E+03
   0.656345E+00  0.725988E+03  0.199020E+03
   0.662329E+00  0.734441E+03  0.203532E+03
   0.668313E+00  0.742936E+03  0.208089E+03
   0.674297E+00  0.751472E+03  0.212689E+03
   0.680281E+00  0.760049E+03  0.217332E+03
   0.686265E+00  0.768667E+03  0.222019E+03
   0.692249E+00  0.777326E+03  0.226749E+03
   0.698233E+00  0.786026E+03  0.231522E+03
   0.704217E+00  0.794767E+03  0.236337E+03
   0.710201E+00  0.803549E+03  0.241195E+03
   0.716185E+00  0.812372E+03  0.246095E+03
   0.722169E+00  0.821236E+03  0.251037E+03
   0.728153E+00  0.830142E+03  0.256021E+03
   0.734137E+00  0.839088E+03  0.261046E+03
   0.740120E+00  0.848076E+03  0.266113E+03
   0.746104E+00  0.857105E+03  0.271221E+03
   0.752088E+00  0.866175E+03  0.276371E+03
   0.758072E+00  0.875286E+03  0.281561E+03
   0.764056E+00  0.884438E+03  0.286792E+03
   0.770040E+00  0.893632E+03  0.292063E+03
   0.776024E+00  0.902866E+03  0.297375E+03
   0.782008E+00  0.912142E+03  0.302727E+03
   0.787992E+00  0.921459E+03  0.308119E+03
   0.793976E+00  0.930817E+03  0.313551E+03
   0.799960E+00  0.940216E+03  0.319023E+03
   0.805944E+00  0.949656E+03  0.324534E+03
   0.811928E+00  0.959137E+03  0.330085E+03
   0.817912E+00  0.968659E+03  0.335675E+03
   0.823896E+00  0.978222E+03  0.341305E+03
   0.829880E+00  0.987826E+03  0.346974E+03
   0.835863E+00  0.997471E+03  0.352681E+03
   0.841847E+00  0.100716E+04  0.358427E+03
   0.847831E+00  0.101688E+04  0.364212E+03
   0.853815E+00  0.102665E+04  0.370036E+03
   0.859799E+00  0.103646E+04  0.375898E+03
   0.865783E+00  0.104631E+04  0.381798E+03
   0.871767E+00  0.105620E+04  0.387737E+03
   0.877751E+00  0.106614E+04  0.393714E+03
   0.883735E+00  0.107611E+04  0.399728E+03
   0.889719E+00  0.108612E+04  0.405781E+03
   0.895703E+00  0.109618E+04  0.411871E+03
   0.901687E+00  0.110627E+04  0.417999E+03
   0.907671E+00  0.111641E+04  0.424165E+03
   0.913655E+00  0.112658E+04  0.430368E+03
   0.919639E+00  0.113680E+04  0.436608E+03
   0.925622E+00  0.114706E+04  0.442886E+03
   0.931606E+00  0.115736E+04  0.449201E+03
   0.937590E+00  0.116770E+04  0.455553E+03
   0.943574E+00  0.117808E+04  0.461941E+03
   0.949558E+00  0.118850E+04  0.468367E+03
   0.955542E+00  0.119896E+04  0.474830E+03
   0.961526E+00  0.120946E+04  0.481329E+03
   0.967510E+00  0.122001E+04  0.487865E+03
   0.973494E+00  0.123059E+04  0.494438E+03
   0.979478E+00  0.124121E+04  0.501047E+03
   0.985462E+00  0.125188E+04  0.507692E+03
   0.991446E+00  0.126258E+04  0.514374E+03
   0.997430E+00  0.127333E+04  0.521092E+03
   0.100341E+01  0.128411E+04  0.527846E+03
   0.100940E+01  0.129494E+04  0.534636E+03
   0.101538E+01  0.130580E+04  0.541462E+03
   0.102137E+01  0.131671E+04  0.548325E+03
   0.102735E+01  0.132766E+04  0.555223E+03
   0.103333E+01  0.133865E+04  0.562157E+03
   0.103932E+01  0.134967E+04  0.569126E+03
   0.104530E+01  0.136074E+04  0.576131E+03
   0.105129E+01  0.137185E+04  0.583172E+03
   0.105727E+01  0.138300E+04  0.590249E+03
   0.106325E+01  0.139419E+04  0.597361E+03
   0.106924E+01  0.140541E+04  0.604508E+03
   0.107522E+01  0.141668E+04  0.611690E+03
   0.108120E+01  0.142799E+04  0.618908E+03
   0.108719E+01  0.143934E+04  0.626161E+03
   0.109317E+01  0.145073E+04  0.633450E+03
   0.109916E+01  0.146216E+04  0.640773E+03
   0.110514E+01  0.147363E+04  0.648132E+03
   0.111112E+01  0.148513E+04  0.655525E+03
   0.111711E+01  0.149668E+04  0.662953E+03
   0.112309E+01  0.150827E+04  0.670417E+03
   0.112908E+01  0.151990E+04  0.677915E+03
   0.113506E+01  0.153157E+04  0.685448E+03
   0.114104E+01  0.154327E+04  0.693015E+03
   0.114703E+01  0.155502E+04  0.700617E+03
   0.115301E+01  0.156681E+04  0.708254E+03
   0.115900E+01  0.157864E+04  0.715925E+03
   0.116498E+01  0.159050E+04  0.723631E+03
   0.117096E+01  0.160241E+04  0.731372E+03
   0.117695E+01  0.161436E+04  0.739146E+03
   0.118293E+01  0.162634E+04  0.746956E+03
   0.118892E+01  0.163837E+04  0.754799E+03
   0.119490E+01  0.165043E+04  0.762677E+03
   0.120088E+01  0.166254E+04  0.770588E+03
   0.120687E+01  0.167468E+04  0.778535E+03
   0.121285E+01  0.168686E+04  0.786515E+03
   0.121884E+01  0.169909E+04  0.794529E+03
   0.122482E+01  0.171135E+04  0.802577E+03
   0.123080E+01  0.172365E+04  0.810660E+03
   0.123679E+01  0.173599E+04  0.818776E+03
   0.124277E+01  0.174837E+04  0.826926E+03
   0.124876E+01  0.176079E+04  0.835110E+03
   0.125474E+01  0.177325E+04  0.843328E+03
   0.126072E+01  0.178575E+04  0.851579E+03
   0.126671E+01  0.179829E+04  0.859864E+03
   0.127269E+01  0.181086E+04  0.868183E+03
   0.127867E+01  0.182348E+04  0.876536E+03
   0.128466E+01  0.183613E+04  0.884922E+03
   0.129064E+01  0.184883E+04  0.893342E+03
   0.129663E+01  0.186156E+04  0.901795E+03
   0.130261E+01  0.187433E+04  0.910282E+03
   0.130859E+01  0.188714E+04  0.918802E+03
   0.131458E+01  0.190000E+04  0.927356E+03
   0.132056E+01  0.191288E+04  0.935943E+03
   0.132655E+01  0.192581E+04  0.944563E+03
   0.133253E+01  0.193878E+04  0.953217E+03
   0.133851E+01  0.195179E+04  0.961904E+03
   0.134450E+01  0.196483E+04  0.970624E+03
   0.135048E+01  0.197792E+04  0.979378E+03
   0.135647E+01  0.199104E+04  0.988164E+03
   0.136245E+01  0.200420E+04  0.996984E+03
   0.136843E+01  0.201740E+04  0.100584E+04
   0.137442E+01  0.203064E+04  0.101472E+04
   0.138040E+01  0.204392E+04  0.102364E+04
   0.138639E+01  0.205724E+04  0.103259E+04
   0.139237E+01  0.207059E+04  0.104158E+04
   0.139835E+01  0.208399E+04  0.105059E+04
   0.140434E+01  0.209742E+04  0.105964E+04
   0.141032E+01  0.211089E+04  0.106873E+04
   0.141631E+01  0.212440E+04  0.107784E+04
   0.142229E+01  0.213795E+04  0.108699E+04
   0.142827E+01  0.215154E+04  0.109617E+04
   0.143426E+01  0.216516E+04  0.110539E+04
   0.144024E+01  0.217883E+04  0.111464E+04
   0.144622E+01  0.219253E+04  0.112392E+04
   0.145221E+01  0.220627E+04  0.113323E+04
   0.145819E+01  0.222005E+04  0.114257E+04
   0.146418E+01  0.223387E+04  0.115195E+04
   0.147016E+01  0.224773E+04  0.116136E+04
   0.147614E+01  0.226162E+04  0.117080E+04
   0.148213E+01  0.227556E+04  0.118028E+04
   0.148811E+01  0.228953E+04  0.118978E+04
   0.149410E+01  0.230354E+04  0.119932E+04
   0.150008E+01  0.231759E+04  0.120889E+04
   0.150606E+01  0.233167E+04  0.121850E+04
   0.151205E+01  0.234580E+04  0.122813E+04
   0.151803E+01  0.235996E+04  0.123780E+04
   0.152402E+01  0.237416E+04  0.124750E+04
