#   rho[fm-3]     e[MeV.fm-3]   p[MeV.fm-3]
   0.400000E-01  0.354039E+02  0.171309E+00
   0.459839E-01  0.436180E+02  0.215223E+00
   0.519679E-01  0.493236E+02  0.240064E+00
   0.579518E-01  0.550320E+02  0.262883E+00
   0.639357E-01  0.607427E+02  0.284727E+00
   0.699197E-01  0.664554E+02  0.306946E+00
   0.759036E-01  0.721702E+02  0.331150E+00
   0.818876E-01  0.778869E+02  0.359166E+00
   0.878715E-01  0.836059E+02  0.393016E+00
   0.938554E-01  0.893275E+02  0.434892E+00
   0.998394E-01  0.950520E+02  0.486178E+00
   0.105823E+00  0.100780E+03  0.548003E+00
   0.111807E+00  0.106512E+03  0.624435E+00
   0.117791E+00  0.112248E+03  0.718563E+00
   0.123775E+00  0.117990E+03  0.833311E+00
   0.129759E+00  0.123737E+03  0.971566E+00
   0.135743E+00  0.129492E+03  0.113620E+01
   0.141727E+00  0.135255E+03  0.133009E+01
   0.147711E+00  0.141026E+03  0.155607E+01
   0.153695E+00  0.146807E+03  0.181699E+01
   0.159679E+00  0.152599E+03  0.211564E+01
   0.165663E+00  0.158403E+03  0.245477E+01
   0.171647E+00  0.164221E+03  0.283708E+01
   0.177631E+00  0.170052E+03  0.326519E+01
   0.183614E+00  0.175898E+03  0.374166E+01
   0.189598E+00  0.181761E+03  0.426893E+01
   0.195582E+00  0.187641E+03  0.484936E+01
   0.201566E+00  0.193540E+03  0.548520E+01
   0.207550E+00  0.199458E+03  0.617857E+01
   0.213534E+00  0.205398E+03  0.693148E+01
   0.219518E+00  0.211359E+03  0.774581E+01
   0.225502E+00  0.217344E+03  0.862330E+01
   0.231486E+00  0.223352E+03  0.956557E+01
   0.237470E+00  0.229386E+03  0.105741E+02
   0.243454E+00  0.235446E+03  0.116502E+02
   0.249438E+00  0.241533E+03  0.127951E+02
   0.255422E+00  0.247649E+03  0.140098E+02
   0.261406E+00  0.253794E+03  0.152954E+02
   0.267390E+00  0.259969E+03  0.166525E+02
   0.273373E+00  0.266175E+03  0.180820E+02
   0.279357E+00  0.272413E+03  0.195843E+02
   0.285341E+00  0.278685E+03  0.211600E+02
   0.291325E+00  0.284990E+03  0.228093E+02
   0.297309E+00  0.291329E+03  0.245326E+02
   0.303293E+00  0.297705E+03  0.263300E+02
   0.309277E+00  0.304116E+03  0.282016E+02
   0.315261E+00  0.310564E+03  0.301474E+02
   0.321245E+00  0.317050E+03  0.321672E+02
   0.327229E+00  0.323575E+03  0.342610E+02
   0.333213E+00  0.330138E+03  0.364285E+02
   0.339197E+00  0.336741E+03  0.386695E+02
   0.345181E+00  0.343384E+03  0.409836E+02
   0.351165E+00  0.350067E+03  0.433705E+02
   0.357149E+00  0.356792E+03  0.458298E+02
   0.363133E+00  0.363559E+03  0.483610E+02
   0.369116E+00  0.370368E+03  0.509638E+02
   0.375100E+00  0.377220E+03  0.536375E+02
   0.381084E+00  0.384115E+03  0.563817E+02
   0.387068E+00  0.391054E+03  0.591959E+02
   0.393052E+00  0.398037E+03  0.620796E+02
   0.399036E+00  0.405064E+03  0.650320E+02
   0.405020E+00  0.412136E+03  0.680528E+02
   0.411004E+00  0.419253E+03  0.711414E+02
   0.416988E+00  0.426416E+03  0.742971E+02
   0.422972E+00  0.433624E+03  0.775194E+02
   0.428956E+00  0.440878E+03  0.808077E+02
   0.434940E+00  0.448179E+03  0.841615E+02
   0.440924E+00  0.455526E+03  0.875802E+02
   0.446908E+00  0.462921E+03  0.910633E+02
   0.452892E+00  0.470362E+03  0.946101E+02
   0.458876E+00  0.477850E+03  0.982201E+02
   0.464859E+00  0.485386E+03  0.101893E+03
   0.470843E+00  0.492970E+03  0.105628E+03
   0.476827E+00  0.500601E+03  0.109424E+03
   0.482811E+00  0.508281E+03  0.113282E+03
   0.488795E+00  0.516009E+03  0.117200E+03
   0.494779E+00  0.523785E+03  0.121179E+03
   0.500763E+00  0.531609E+03  0.125217E+03
   0.506747E+00  0.539483E+03  0.129314E+03
   0.512731E+00  0.547404E+03  0.133470E+03
   0.518715E+00  0.555375E+03  0.137684E+03
   0.524699E+00  0.563395E+03  0.141956E+03
   0.530683E+00  0.571464E+03  0.146286E+03
   0.536667E+00  0.579581E+03  0.150673E+03
   0.542651E+00  0.587749E+03  0.155116E+03
   0.548635E+00  0.595965E+03  0.159615E+03
   0.554618E+00  0.604231E+03  0.164170E+03
   0.560602E+00  0.612546E+03  0.168781E+03
   0.566586E+00  0.620911E+03  0.173446E+03
   0.572570E+00  0.629325E+03  0.178167E+03
   0.578554E+00  0.637789E+03  0.182942E+03
   0.584538E+00  0.646303E+03  0.187770E+03
   0.590522E+00  0.654866E+03  0.192653E+03
   0.596506E+00  0.663479E+03  0.197589E+03
   0.602490E+00  0.672142E+03  0.202578E+03
   0.608474E+00  0.680854E+03  0.207620E+03
   0.614458E+00  0.689617E+03  0.212714E+03
   0.620442E+00  0.698429E+03  0.217861E+03
   0.626426E+00  0.707291E+03  0.223060E+03
   0.632410E+00  0.716203E+03  0.228310E+03
   0.638394E+00  0.725166E+03  0.233612E+03
   0.644378E+00  0.734178E+03  0.238965E+03
   0.650361E+00  0.743240E+03  0.244369E+03
   0.656345E+00  0.752351E+03  0.249824E+03
   0.662329E+00  0.761513E+03  0.255329E+03
   0.668313E+00  0.770725E+03  0.260884E+03
   0.674297E+00  0.779987E+03  0.266490E+03
   0.680281E+00  0.789299E+03  0.272145E+03
   0.686265E+00  0.798660E+03  0.277850E+03
   0.692249E+00  0.808072E+03  0.283605E+03
   0.698233E+00  0.817534E+03  0.289408E+03
   0.704217E+00  0.827045E+03  0.295261E+03
   0.710201E+00  0.836607E+03  0.301163E+03
   0.716185E+00  0.846218E+03  0.307113E+03
   0.722169E+00  0.855880E+03  0.313112E+03
   0.728153E+00  0.865591E+03  0.319160E+03
   0.734137E+00  0.875352E+03  0.325255E+03
   0.740120E+00  0.885163E+03  0.331399E+03
   0.746104E+00  0.895024E+03  0.337590E+03
   0.752088E+00  0.904935E+03  0.343830E+03
   0.758072E+00  0.914896E+03  0.350116E+03
   0.764056E+00  0.924906E+03  0.356451E+03
   0.770040E+00  0.934966E+03  0.362832E+03
   0.776024E+00  0.945076E+03  0.369261E+03
   0.782008E+00  0.955236E+03  0.375737E+03
   0.787992E+00  0.965445E+03  0.382259E+03
   0.793976E+00  0.975705E+03  0.388829E+03
   0.799960E+00  0.986014E+03  0.395445E+03
   0.805944E+00  0.996372E+03  0.402107E+03
   0.811928E+00  0.100678E+04  0.408816E+03
   0.817912E+00  0.101724E+04  0.415572E+03
   0.823896E+00  0.102775E+04  0.422373E+03
   0.829880E+00  0.103830E+04  0.429221E+03
   0.835863E+00  0.104891E+04  0.436114E+03
   0.841847E+00  0.105956E+04  0.443053E+03
   0.847831E+00  0.107027E+04  0.450039E+03
   0.853815E+00  0.108103E+04  0.457069E+03
   0.859799E+00  0.109183E+04  0.464146E+03
   0.865783E+00  0.110268E+04  0.471267E+03
   0.871767E+00  0.111359E+04  0.478434E+03
   0.877751E+00  0.112454E+04  0.485647E+03
   0.883735E+00  0.113554E+04  0.492904E+03
   0.889719E+00  0.114659E+04  0.500207E+03
   0.895703E+00  0.115769E+04  0.507554E+03
   0.901687E+00  0.116884E+04  0.514947E+03
   0.907671E+00  0.118004E+04  0.522384E+03
   0.913655E+00  0.119129E+04  0.529866E+03
   0.919639E+00  0.120259E+04  0.537392E+03
   0.925622E+00  0.121393E+04  0.544964E+03
   0.931606E+00  0.122533E+04  0.552579E+03
   0.937590E+00  0.123677E+04  0.560239E+03
   0.943574E+00  0.124827E+04  0.567943E+03
   0.949558E+00  0.125981E+04  0.575692E+03
   0.955542E+00  0.127140E+04  0.583485E+03
   0.961526E+00  0.128304E+04  0.591322E+03
   0.967510E+00  0.129473E+04  0.599202E+03
   0.973494E+00  0.130647E+04  0.607127E+03
   0.979478E+00  0.131826E+04  0.615096E+03
   0.985462E+00  0.133009E+04  0.623108E+03
   0.991446E+00  0.134198E+04  0.631164E+03
   0.997430E+00  0.135391E+04  0.639264E+03
   0.100341E+01  0.136589E+04  0.647408E+03
   0.100940E+01  0.137792E+04  0.655595E+03
   0.101538E+01  0.139000E+04  0.663825E+03
   0.102137E+01  0.140213E+04  0.672099E+03
   0.102735E+01  0.141431E+04  0.680416E+03
   0.103333E+01  0.142653E+04  0.688777E+03
   0.103932E+01  0.143881E+04  0.697180E+03
   0.104530E+01  0.145113E+04  0.705627E+03
   0.105129E+01  0.146350E+04  0.714117E+03
   0.105727E+01  0.147592E+04  0.722650E+03
   0.106325E+01  0.148839E+04  0.731226E+03
   0.106924E+01  0.150090E+04  0.739845E+03
   0.107522E+01  0.151347E+04  0.748507E+03
   0.108120E+01  0.152608E+04  0.757211E+03
   0.108719E+01  0.153874E+04  0.765958E+03
   0.109317E+01  0.155145E+04  0.774748E+03
   0.109916E+01  0.156421E+04  0.783581E+03
   0.110514E+01  0.157701E+04  0.792456E+03
   0.111112E+01  0.158987E+04  0.801374E+03
   0.111711E+01  0.160277E+04  0.810334E+03
   0.112309E+01  0.161572E+04  0.819337E+03
   0.112908E+01  0.162872E+04  0.828382E+03
   0.113506E+01  0.164176E+04  0.837469E+03
   0.114104E+01  0.165486E+04  0.846598E+03
   0.114703E+01  0.166800E+04  0.855770E+03
   0.115301E+01  0.168119E+04  0.864984E+03
   0.115900E+01  0.169443E+04  0.874240E+03
   0.116498E+01  0.170771E+04  0.883538E+03
   0.117096E+01  0.172105E+04  0.892879E+03
   0.117695E+01  0.173443E+04  0.902261E+03
   0.118293E+01  0.174786E+04  0.911685E+03
   0.118892E+01  0.176134E+04  0.921151E+03
   0.119490E+01  0.177486E+04  0.930659E+03
   0.120088E+01  0.178843E+04  0.940208E+03
   0.120687E+01  0.180205E+04  0.949799E+03
   0.121285E+01  0.181572E+04  0.959432E+03
   0.121884E+01  0.182944E+04  0.969107E+03
   0.122482E+01  0.184320E+04  0.978823E+03
   0.123080E+01  0.185701E+04  0.988581E+03
   0.123679E+01  0.187087E+04  0.998381E+03
   0.124277E+01  0.188478E+04  0.100822E+04
   0.124876E+01  0.189873E+04  0.101810E+04
   0.125474E+01  0.191273E+04  0.102803E+04
   0.126072E+01  0.192678E+04  0.103799E+04
   0.126671E+01  0.194088E+04  0.104800E+04
   0.127269E+01  0.195502E+04  0.105805E+04
   0.127867E+01  0.196921E+04  0.106814E+04
   0.128466E+01  0.198345E+04  0.107827E+04
   0.129064E+01  0.199773E+04  0.108844E+04
   0.129663E+01  0.201206E+04  0.109865E+04
   0.130261E+01  0.202644E+04  0.110890E+04
   0.130859E+01  0.204087E+04  0.111920E+04
   0.131458E+01  0.205535E+04  0.112953E+04
   0.132056E+01  0.206987E+04  0.113991E+04
   0.132655E+01  0.208443E+04  0.115033E+04
   0.133253E+01  0.209905E+04  0.116078E+04
   0.133851E+01  0.211371E+04  0.117128E+04
   0.134450E+01  0.212842E+04  0.118182E+04
   0.135048E+01  0.214318E+04  0.119240E+04
   0.135647E+01  0.215798E+04  0.120302E+04
   0.136245E+01  0.217283E+04  0.121369E+04
   0.136843E+01  0.218773E+04  0.122439E+04
   0.137442E+01  0.220267E+04  0.123513E+04
   0.138040E+01  0.221766E+04  0.124592E+04
   0.138639E+01  0.223270E+04  0.125674E+04
   0.139237E+01  0.224779E+04  0.126761E+04
   0.139835E+01  0.226292E+04  0.127851E+04
   0.140434E+01  0.227810E+04  0.128946E+04
   0.141032E+01  0.229332E+04  0.130044E+04
   0.141631E+01  0.230859E+04  0.131147E+04
   0.142229E+01  0.232391E+04  0.132254E+04
   0.142827E+01  0.233927E+04  0.133364E+04
   0.143426E+01  0.235469E+04  0.134479E+04
   0.144024E+01  0.237014E+04  0.135598E+04
   0.144622E+01  0.238565E+04  0.136721E+04
   0.145221E+01  0.240120E+04  0.137847E+04
   0.145819E+01  0.241680E+04  0.138978E+04
   0.146418E+01  0.243244E+04  0.140113E+04
   0.147016E+01  0.244813E+04  0.141252E+04
   0.147614E+01  0.246387E+04  0.142395E+04
   0.148213E+01  0.247965E+04  0.143542E+04
   0.148811E+01  0.249548E+04  0.144693E+04
   0.149410E+01  0.251136E+04  0.145847E+04
   0.150008E+01  0.252728E+04  0.147006E+04
   0.150606E+01  0.254325E+04  0.148169E+04
   0.151205E+01  0.255927E+04  0.149336E+04
   0.151803E+01  0.257533E+04  0.150507E+04
   0.152402E+01  0.259143E+04  0.151682E+04
