#   rho[fm-3]     e[MeV.fm-3]   p[MeV.fm-3]
   0.400000E-01  0.378312E+02  0.131929E+00
   0.459839E-01  0.435119E+02  0.151366E+00
   0.519679E-01  0.491950E+02  0.169643E+00
   0.579518E-01  0.548801E+02  0.187718E+00
   0.639357E-01  0.605672E+02  0.206911E+00
   0.699197E-01  0.662562E+02  0.228847E+00
   0.759036E-01  0.719473E+02  0.255418E+00
   0.818876E-01  0.776407E+02  0.288750E+00
   0.878715E-01  0.833368E+02  0.331173E+00
   0.938554E-01  0.890362E+02  0.385198E+00
   0.998394E-01  0.947395E+02  0.453499E+00
   0.105823E+00  0.100447E+03  0.538886E+00
   0.111807E+00  0.106161E+03  0.644295E+00
   0.117791E+00  0.111880E+03  0.772763E+00
   0.123775E+00  0.117607E+03  0.927022E+00
   0.129759E+00  0.123341E+03  0.110842E+01
   0.135743E+00  0.129085E+03  0.132129E+01
   0.141727E+00  0.134839E+03  0.156924E+01
   0.147711E+00  0.140604E+03  0.185570E+01
   0.153695E+00  0.146382E+03  0.218400E+01
   0.159679E+00  0.152173E+03  0.255741E+01
   0.165663E+00  0.157980E+03  0.297913E+01
   0.171647E+00  0.163802E+03  0.345232E+01
   0.177631E+00  0.169642E+03  0.398003E+01
   0.183614E+00  0.175500E+03  0.456523E+01
   0.189598E+00  0.181379E+03  0.521079E+01
   0.195582E+00  0.187278E+03  0.591947E+01
   0.201566E+00  0.193201E+03  0.669388E+01
   0.207550E+00  0.199147E+03  0.753652E+01
   0.213534E+00  0.205119E+03  0.844974E+01
   0.219518E+00  0.211118E+03  0.943574E+01
   0.225502E+00  0.217144E+03  0.104965E+02
   0.231486E+00  0.223200E+03  0.116341E+02
   0.237470E+00  0.229285E+03  0.128500E+02
   0.243454E+00  0.235403E+03  0.141459E+02
   0.249438E+00  0.241553E+03  0.155231E+02
   0.255422E+00  0.247738E+03  0.169830E+02
   0.261406E+00  0.253957E+03  0.185265E+02
   0.267390E+00  0.260213E+03  0.201546E+02
   0.273373E+00  0.266506E+03  0.218680E+02
   0.279357E+00  0.272838E+03  0.236675E+02
   0.285341E+00  0.279209E+03  0.255535E+02
   0.291325E+00  0.285621E+03  0.275263E+02
   0.297309E+00  0.292074E+03  0.295863E+02
   0.303293E+00  0.298569E+03  0.317335E+02
   0.309277E+00  0.305108E+03  0.339680E+02
   0.315261E+00  0.311690E+03  0.362898E+02
   0.321245E+00  0.318318E+03  0.386988E+02
   0.327229E+00  0.324991E+03  0.411946E+02
   0.333213E+00  0.331711E+03  0.437770E+02
   0.339197E+00  0.338478E+03  0.464458E+02
   0.345181E+00  0.345292E+03  0.492003E+02
   0.351165E+00  0.352156E+03  0.520404E+02
   0.357149E+00  0.359068E+03  0.549653E+02
   0.363133E+00  0.366030E+03  0.579746E+02
   0.369116E+00  0.373042E+03  0.610678E+02
   0.375100E+00  0.380105E+03  0.642443E+02
   0.381084E+00  0.387220E+03  0.675033E+02
   0.387068E+00  0.394386E+03  0.708445E+02
   0.393052E+00  0.401604E+03  0.742670E+02
   0.399036E+00  0.408876E+03  0.777703E+02
   0.405020E+00  0.416200E+03  0.813538E+02
   0.411004E+00  0.423578E+03  0.850167E+02
   0.416988E+00  0.431010E+03  0.887584E+02
   0.422972E+00  0.438496E+03  0.925783E+02
   0.428956E+00  0.446036E+03  0.964758E+02
   0.434940E+00  0.453632E+03  0.100450E+03
   0.440924E+00  0.461283E+03  0.104501E+03
   0.446908E+00  0.468989E+03  0.108627E+03
   0.452892E+00  0.476751E+03  0.112828E+03
   0.458876E+00  0.484569E+03  0.117104E+03
   0.464859E+00  0.492443E+03  0.121454E+03
   0.470843E+00  0.500374E+03  0.125877E+03
   0.476827E+00  0.508361E+03  0.130372E+03
   0.482811E+00  0.516405E+03  0.134940E+03
   0.488795E+00  0.524507E+03  0.139579E+03
   0.494779E+00  0.532665E+03  0.144290E+03
   0.500763E+00  0.540881E+03  0.149071E+03
   0.506747E+00  0.549155E+03  0.153922E+03
   0.512731E+00  0.557486E+03  0.158843E+03
   0.518715E+00  0.565875E+03  0.163833E+03
   0.524699E+00  0.574322E+03  0.168891E+03
   0.530683E+00  0.582827E+03  0.174018E+03
   0.536667E+00  0.591390E+03  0.179212E+03
   0.542651E+00  0.600011E+03  0.184474E+03
   0.548635E+00  0.608691E+03  0.189803E+03
   0.554618E+00  0.617430E+03  0.195198E+03
   0.560602E+00  0.626227E+03  0.200660E+03
   0.566586E+00  0.635082E+03  0.206187E+03
   0.572570E+00  0.643997E+03  0.211780E+03
   0.578554E+00  0.652970E+03  0.217438E+03
   0.584538E+00  0.662002E+03  0.223161E+03
   0.590522E+00  0.671093E+03  0.228948E+03
   0.596506E+00  0.680243E+03  0.234799E+03
   0.602490E+00  0.689452E+03  0.240714E+03
   0.608474E+00  0.698719E+03  0.246692E+03
   0.614458E+00  0.708047E+03  0.252734E+03
   0.620442E+00  0.717433E+03  0.258838E+03
   0.626426E+00  0.726878E+03  0.265005E+03
   0.632410E+00  0.736383E+03  0.271235E+03
   0.638394E+00  0.745947E+03  0.277527E+03
   0.644378E+00  0.755570E+03  0.283880E+03
   0.650361E+00  0.765252E+03  0.290296E+03
   0.656345E+00  0.774994E+03  0.296772E+03
   0.662329E+00  0.784795E+03  0.303310E+03
   0.668313E+00  0.794655E+03  0.309909E+03
   0.674297E+00  0.804575E+03  0.316568E+03
   0.680281E+00  0.814554E+03  0.323288E+03
   0.686265E+00  0.824592E+03  0.330069E+03
   0.692249E+00  0.834690E+03  0.336909E+03
   0.698233E+00  0.844847E+03  0.343810E+03
   0.704217E+00  0.855064E+03  0.350770E+03
   0.710201E+00  0.865340E+03  0.357790E+03
   0.716185E+00  0.875675E+03  0.364869E+03
   0.722169E+00  0.886070E+03  0.372008E+03
   0.728153E+00  0.896524E+03  0.379206E+03
   0.734137E+00  0.907038E+03  0.386462E+03
   0.740120E+00  0.917611E+03  0.393778E+03
   0.746104E+00  0.928243E+03  0.401152E+03
   0.752088E+00  0.938935E+03  0.408584E+03
   0.758072E+00  0.949686E+03  0.416075E+03
   0.764056E+00  0.960497E+03  0.423624E+03
   0.770040E+00  0.971367E+03  0.431231E+03
   0.776024E+00  0.982296E+03  0.438897E+03
   0.782008E+00  0.993284E+03  0.446620E+03
   0.787992E+00  0.100433E+04  0.454400E+03
   0.793976E+00  0.101544E+04  0.462238E+03
   0.799960E+00  0.102661E+04  0.470134E+03
   0.805944E+00  0.103783E+04  0.478087E+03
   0.811928E+00  0.104912E+04  0.486097E+03
   0.817912E+00  0.106046E+04  0.494165E+03
   0.823896E+00  0.107186E+04  0.502289E+03
   0.829880E+00  0.108333E+04  0.510471E+03
   0.835863E+00  0.109485E+04  0.518709E+03
   0.841847E+00  0.110643E+04  0.527004E+03
   0.847831E+00  0.111807E+04  0.535355E+03
   0.853815E+00  0.112977E+04  0.543763E+03
   0.859799E+00  0.114153E+04  0.552228E+03
   0.865783E+00  0.115334E+04  0.560749E+03
   0.871767E+00  0.116522E+04  0.569326E+03
   0.877751E+00  0.117716E+04  0.577959E+03
   0.883735E+00  0.118915E+04  0.586648E+03
   0.889719E+00  0.120121E+04  0.595394E+03
   0.895703E+00  0.121332E+04  0.604195E+03
   0.901687E+00  0.122549E+04  0.613052E+03
   0.907671E+00  0.123772E+04  0.621965E+03
   0.913655E+00  0.125001E+04  0.630933E+03
   0.919639E+00  0.126236E+04  0.639957E+03
   0.925622E+00  0.127477E+04  0.649037E+03
   0.931606E+00  0.128723E+04  0.658172E+03
   0.937590E+00  0.129976E+04  0.667363E+03
   0.943574E+00  0.131234E+04  0.676609E+03
   0.949558E+00  0.132499E+04  0.685910E+03
   0.955542E+00  0.133769E+04  0.695266E+03
   0.961526E+00  0.135045E+04  0.704677E+03
   0.967510E+00  0.136327E+04  0.714144E+03
   0.973494E+00  0.137614E+04  0.723665E+03
   0.979478E+00  0.138908E+04  0.733242E+03
   0.985462E+00  0.140208E+04  0.742873E+03
   0.991446E+00  0.141513E+04  0.752559E+03
   0.997430E+00  0.142824E+04  0.762300E+03
   0.100341E+01  0.144141E+04  0.772095E+03
   0.100940E+01  0.145464E+04  0.781946E+03
   0.101538E+01  0.146793E+04  0.791850E+03
   0.102137E+01  0.148128E+04  0.801810E+03
   0.102735E+01  0.149468E+04  0.811823E+03
   0.103333E+01  0.150815E+04  0.821891E+03
   0.103932E+01  0.152167E+04  0.832014E+03
   0.104530E+01  0.153525E+04  0.842191E+03
   0.105129E+01  0.154889E+04  0.852422E+03
   0.105727E+01  0.156259E+04  0.862707E+03
   0.106325E+01  0.157634E+04  0.873046E+03
   0.106924E+01  0.159016E+04  0.883440E+03
   0.107522E+01  0.160403E+04  0.893887E+03
   0.108120E+01  0.161796E+04  0.904389E+03
   0.108719E+01  0.163195E+04  0.914945E+03
   0.109317E+01  0.164600E+04  0.925554E+03
   0.109916E+01  0.166010E+04  0.936217E+03
   0.110514E+01  0.167427E+04  0.946934E+03
   0.111112E+01  0.168849E+04  0.957705E+03
   0.111711E+01  0.170277E+04  0.968530E+03
   0.112309E+01  0.171711E+04  0.979408E+03
   0.112908E+01  0.173150E+04  0.990340E+03
   0.113506E+01  0.174596E+04  0.100133E+04
   0.114104E+01  0.176047E+04  0.101236E+04
   0.114703E+01  0.177504E+04  0.102346E+04
   0.115301E+01  0.178967E+04  0.103460E+04
   0.115900E+01  0.180436E+04  0.104580E+04
   0.116498E+01  0.181910E+04  0.105706E+04
   0.117096E+01  0.183390E+04  0.106836E+04
   0.117695E+01  0.184876E+04  0.107972E+04
   0.118293E+01  0.186368E+04  0.109113E+04
   0.118892E+01  0.187866E+04  0.110260E+04
   0.119490E+01  0.189369E+04  0.111412E+04
   0.120088E+01  0.190878E+04  0.112569E+04
   0.120687E+01  0.192393E+04  0.113732E+04
   0.121285E+01  0.193914E+04  0.114900E+04
   0.121884E+01  0.195440E+04  0.116073E+04
   0.122482E+01  0.196973E+04  0.117251E+04
   0.123080E+01  0.198511E+04  0.118435E+04
   0.123679E+01  0.200055E+04  0.119624E+04
   0.124277E+01  0.201604E+04  0.120818E+04
   0.124876E+01  0.203160E+04  0.122018E+04
   0.125474E+01  0.204721E+04  0.123223E+04
   0.126072E+01  0.206287E+04  0.124433E+04
   0.126671E+01  0.207860E+04  0.125649E+04
   0.127269E+01  0.209438E+04  0.126869E+04
   0.127867E+01  0.211023E+04  0.128095E+04
   0.128466E+01  0.212612E+04  0.129327E+04
   0.129064E+01  0.214208E+04  0.130563E+04
   0.129663E+01  0.215809E+04  0.131805E+04
   0.130261E+01  0.217417E+04  0.133052E+04
   0.130859E+01  0.219029E+04  0.134304E+04
   0.131458E+01  0.220648E+04  0.135562E+04
   0.132056E+01  0.222272E+04  0.136825E+04
   0.132655E+01  0.223902E+04  0.138093E+04
   0.133253E+01  0.225538E+04  0.139366E+04
   0.133851E+01  0.227180E+04  0.140645E+04
   0.134450E+01  0.228827E+04  0.141928E+04
   0.135048E+01  0.230480E+04  0.143217E+04
   0.135647E+01  0.232139E+04  0.144512E+04
   0.136245E+01  0.233803E+04  0.145811E+04
   0.136843E+01  0.235473E+04  0.147116E+04
   0.137442E+01  0.237149E+04  0.148426E+04
